# Start of page bars



1
5.8
11
14.17
20.23
27.32
37.40
43
45
47.51
54.57.60
64.69
73.76
80.86
90
93
97
101
109.115
120
125
127.130
132
134
136.139
141
143
145.148
150.152
153.154
157
162
166.168
173
178
183.186
189
194
198
201
207.210
215.219
223
226
230
235
240
244
247.249
253
257
261
264.267
270
274
278
282
288
292
295.298
302.309
315
320
325
330
334
337
341
344
346
352
356
360
363
366.368
370
375
380
385
390
394
398
404.410
417
421
425
430
434
437
440
443
447
449
451
453
456
460
463
467
470
473
476
478
480
483
488.490.491.492
494.496
498
500
502
504
506
508
510
513
515
517
520
522
523
524
527.529
531.533
535.538
541.543
546.549
553.554
561
562
565
569
574
580
587
590.592
597
602
606
611
615
620
625
628
632
635
638
642.646
650.656
659
662
665
667
670
673
677
680
682
684
687
690
693
696
698
701
704
707
710
712
715 # End of Act 1
1
4
6
11
25
33
40
46
50
60
66
70
78
83
85
88
92
96
100
103
106
108
111
113
116
128
132
136
139
141
146
152
158
162
165
170.171.175
177.179
181
183
186
188.190
193
196
198
200.204
211
214
220
224
227
231
236
240
244
248
252
256
259
262
267
272
275
278
281.284
286.290
292.294
297.300
302
305
308
310.312
315.318
321.323
325
327
329
331
333.335
337
338
339
341
343
345
347
350
353
355
357
360.363
366 # interesting page
370
372
374
376
378
380
382
384
386
388
390
392
393
394
395
397
399
401
402
403
405 # interesting page
410
415
421
427
433
439
443
447 # interesting page
451
455
458
461
463
465
466
468
470
474
480 # interesting page
486
495
499
509
517
521
524
534
543
553
556
560 # interesting page
566 # interesting page
578 # interesting page
584 # interesting page
590 # interesting page
593 # interesting page
596 # interesting page
599 # interesting page
602 # interesting page
605
609
618
628
630
634
636
640
643
647 # interesting page
651
658
670
674
677
680
684
689
694
699
704
708
713
717
721
724
728
733
737
746
748
750
751
752
754
758
761
765
768
772
774
778
781
784
786
788
790
792
795
800
803
805
807
808
810
812 # interesting bar
1 # act 3
7
10
17
19
23
26
29
33
36
39
42
45
52
62
56
58
71 # interesting bar
73
77
79
81
83
85
86
89
91 # interesting page
92 # interesting page
94 # interesting page
96
100
102
103
104
105
106
109
115
122
144
148 # interesting page
152
157
161
165
169 # interesting page
180
184
186
190
201
206
210 # interesting page
213
216
219
222
226
229
233
235
238
241
245
247
252
255
257
260
263
267
270
273
276
279
281
284
286
288
290
293
296
302
306
310
320
329
333
336
342
246
349
352
354
357
359
362
365
368
372
375
378
381
384
387
389
391
# fin