1
4
6
11
25
33
40
46
50
60
66
70
78
83
85
88
92
96
100
103
106
108
111
113
116
128
132
136
139
141
146
152
158
162
165
170.171.175
177.179
181
183
186
188.190
193
196
198
200.204
211
214
220
224
227
231
236
240
244
248
252
256
259
262
267
272
275
278
281.284
286.290
292.294
297.300
302
305
308
310.312
315.318
321.323
325
327
329
331
333.335
337
338
339
341
343
345
347
350
353
355
357
360.363
366 # interesting page
370
372
374
376
378
380
382
384
386
388
390
392
393
394
395
397
399
401
402
403
405 # interesting page
410
415
421
427
433
439
443
447 # interesting page
451
455
458
461
463
465
466
468
470
474
480 # interesting page
486
495
499
509
517
521
524
534
543
553
556
560 # interesting page
566 # interesting page
578 # interesting page
584 # interesting page
590 # interesting page
593 # interesting page
596 # interesting page
599 # interesting page
602 # interesting page
605
609
618
628
630
634
636
640
643
647 # interesting page
651
658
670
674
677
680
684
689
694
699
704
708
713
717
721
724
728
733
737
746
748
750
751
752
754
758
761
765
768
772
774
778
781
784
786
788
790
792
795
800
803
805
807
808
810
812 # interesting bar