1 # act 3
7
10
17
19
23
26
29
33
36
39
42
45
52
62
56
58
71 # interesting bar
73
77
79
81
83
85
86
89
91 # interesting page
92 # interesting page
94 # interesting page
96
100
102
103
104
105
106
109
115
122
144
148 # interesting page
152
157
161
165
169 # interesting page
180
184
186
190
201
206
210 # interesting page
213
216
219
222
226
229
233
235
238
241
245
247
252
255
257
260
263
267
270
273
276
279
281
284
286
288
290
293
296
302
310
320
329
333
336
342
246
349
352
354
357
359
362
365
368
372
375
378
381
384
387
389
391